-14280006049.0
7745544241.0
-10897966289.0
3199537985.0
8781413777.0
1908188337.0
-7954695220.0
2760630076.0
788906152.0
9479695113.0
-9826655795.0
-4536365808.0
3512537127.0
-2515236672.0
2057464757.0
-1326203858.0
-151680714.0
-5068941636.0
8579204884.0
482007681.0
298015793.0
-9192957744.0
20744044604.0
15298660810.0
6019241380.0
3436837086.0
-15112783953.0
-6639307403.0
4302051532.0
-2057214376.0
9831086192.0
4089175825.0
-4466549969.0
2295542342.0
-4143742767.0
-2213275653.0
-12119117874.0
12175003582.0
-11268787885.0
-12113658199.0
-6113978336.0
-3878157504.0
1480209607.0
-10972519000.0
-19884624277.0
3158841552.0
-3972604666.0
-4417815671.0
11818131813.0
390851703.0
-9335908457.0
-30202838497.0
5841399138.0
2942318112.0
-5236553104.0
-10752768633.0
5783484295.0
-19181463638.0
7537636579.0
-5544294371.0
-5293070235.0
-6869595887.0
-11828629426.0
1793056963.0
-2047698995.0
-15743935436.0
-6963830582.0
-13925228199.0
-4308792746.0
-3080263037.0
8043926540.0
-14263117935.0
-6748652371.0
-605650790.0
3997982102.0
-1466147134.0
7778756173.0
