13370.0,15222.0,15819.0,16602.0,15335.0,14152.0,18557.0,18706.0,16401.0,19457.0,10077.0,11802.0,18171.0,10095.0,16727.0,14440.0,16352.0,13637.0,9271.0,16944.0,15021.0,13098.0,10671.0,19360.0,18857.0,9632.0,
11285.0,9255.0,9332.0,17525.0,17605.0,10067.0,15759.0,10947.5,18348.0,17481.0,8893.0,11234.0,18300.0,
19447.0,10016.0,16510.0,19974.0,10813.0,9557.0,9300.0,9175.0,13601.5,18028.0,11798.0,16416.0,
16044.0,12350.0,18232.0,14136.0,13782.0,16823.0,18790.0,16309.0,18541.0,12197.0,11636.0,10619.0,15272.5,19926.0,9313.0,10577.0,19487.0,18825.0,18976.0,10788.0,
11100.0,11744.0,15359.0,17936.0,14163.0,13866.0,8492.0,12045.0,16011.0,12315.0,12038.0,15905.0,10802.0,14651.0,17600.0,13666.0,9148.0,10981.0,9384.0,14110.0,19767.0,9464.0,10438.0,17033.0,12665.0,10697.0,13727.0,16277.0,19121.0,15611.5,12102.0,18481.0,19560.0,9298.5,18088.0,11996.5,12670.0,17182.0,18880.0,17600.0,19778.0,13184.0,9952.0,9444.0,13352.0,
18282.0,16912.0,17251.0,15247.0,16298.0,15029.0,17200.0,12546.5,9885.0,10173.0,14815.0,18213.0,18103.0,13670.0,15200.0,18271.0,18357.0,15954.0,19082.0,14043.0,10770.0,16863.0,16535.0,11845.0,10781.0,9366.0,15579.0,14647.0,9095.0,16921.0,
15638.0,8537.0,13143.0,11897.0,11827.0,19225.0,11267.0,13966.0,9793.0,9274.0,11375.0,13493.0,15611.0,11727.0,11250.0,13048.0,15296.0,15729.0,8544.0,11383.0,
10216.0,19443.0,12546.0,19058.0,14010.0,12090.0,14293.0,16860.0,19922.0,19155.0,9953.0,8614.5,16440.0,14465.0,18697.0,16805.0,18342.0,9803.0,12059.0,12432.0,11057.0,11274.0,17451.0,
8563.0,14641.0,12803.0,13338.0,18984.0,19959.0,10439.0,15266.0,12870.0,11448.0,11081.0,10714.0,15238.0,18600.0,14903.0,14971.0,15782.0,13139.0,10975.0,15232.0,13067.5,10903.0,13220.0,12024.0,19675.0,9525.0,10849.0,8474.0,13038.0,15230.0,8702.0,16924.0,17162.0,13368.0,12306.0,10006.0,10520.0,11034.0,10232.0,13786.0,15031.0,16037.0,11104.0,18143.0,18465.0,9810.0,
16482.0,18607.0,14333.0,14595.0,17911.0,8590.0,9642.0,16885.0,19195.0,15673.0,18987.0,13298.0,18160.0,8695.0,10427.0,9887.0,17628.0,12393.0,13917.0,11160.0,12430.0,9207.0,10959.0,17441.0,13130.0,13346.0,13115.0,18659.0,12449.0,15320.0,19189.0,11684.0,
11229.0,16684.0,15793.0,16934.0,13169.0,15922.0,9004.0,17109.0,10974.0,13226.0,14823.0,15890.0,11093.5,17523.0,16476.0,17074.0,
15018.0,19003.0,15171.0,18182.0,15842.0,13319.0,15588.0,14558.0,13392.0,16505.0,16096.0,15687.0,19265.0,9270.0,16630.0,11749.0,17169.0,10107.0,10290.0,12273.0,18340.0,12997.0,19099.0,18504.0,11339.0,11274.0,11209.0,13234.0,19119.0,17940.0,16806.0,10110.0,
8872.0,16574.0,8708.0,16072.0,16639.0,17961.0,16859.0,14072.0,11285.0,15746.0,11364.0,12613.0,13447.0,18998.0,16606.0,17443.5,18281.0,15717.0,18851.0,10572.0,18426.0,19235.0,11227.0,12979.5,14732.0,9309.0,19108.0,19405.0,13751.0,9966.0,18690.0,14856.0,10348.0,15178.0,13354.0,11530.0,12611.0,12280.0,19036.0,11209.0,12961.0,15608.0,17496.0,10372.0,
17188.0,13684.0,11255.0,11276.0,18471.0,19702.0,17885.0,16586.0,18094.0,11721.0,19393.0,8783.0,10643.0,19517.0,17901.0,9802.0,19903.0,13446.0,9635.0,15732.0,
16276.0,16984.0,15870.0,8672.0,18970.0,8771.0,11774.0,8933.0,11239.0,18239.0,8790.0,19496.0,12886.0,19028.0,8465.0,15958.0,11012.0,9748.0,10121.0,14498.0,18400.0,
13758.0,10196.0,16740.0,13661.0,17809.0,18674.0,10116.0,15623.0,12205.0,17894.0,14952.0,13926.0,12204.0,19041.0,
10866.0,19551.0,16888.0,8784.0,17261.0,10131.0,16363.0,17470.0,14841.0,10229.0,11519.5,12810.0,18981.0,15876.0,14840.0,12684.0,17077.0,17454.0,15939.0,12388.0,10827.0,9266.0,9016.0,10233.0,14118.0,18583.0,9431.0,16287.0,9109.0,12970.0,11080.0,19262.0,13796.0,13375.0,18465.0,9124.0,10595.5,16175.0,12099.0,17365.0,11836.0,9058.5,17156.0,13620.0,17925.0,14244.0,12889.5,11535.0,13642.0,16940.0,14511.0,8661.0,
14858.0,10794.0,16766.0,16741.0,9392.0,19480.0,9306.0,13642.0,15920.0,9737.0,13222.0,12756.0,12486.0,9893.0,
12025.0,9611.0,10979.0,17946.0,17818.0,8746.0,13993.0,13393.0,17564.0,11649.0,11188.0,10727.0,8546.0,10251.5,19275.0,11934.0,19937.0,19017.0,19717.0,10753.0,13817.0,13089.0,12361.0,15597.0,16756.0,15823.0,19484.0,17424.0,9442.0,14019.0,11222.0,
8899.0,10008.0,11457.0,9650.0,15530.0,9778.0,14761.0,16718.0,18421.0,18135.0,10765.0,8893.0,16844.0,10495.0,19143.0,12220.0,17826.0,9503.0,9598.0,18611.0,18279.0,12084.0,15204.0,8794.0,14417.0,10927.0,13384.0,9428.0,14192.0,17054.0,18357.0,16384.0,18315.0,10118.0,
15123.0,16509.0,19592.0,12199.0,13372.0,12537.0,17295.0,19527.0,11322.5,12131.0,16031.0,8644.5,10897.0,10793.0,10788.0,17095.0,17846.0,14729.0,12373.5,10018.0,14762.0,19506.0,14472.0,18187.0,
12805.0,10521.0,18847.0,17431.0,16905.0,12156.0,13902.0,13159.0,15463.0,13565.0,18339.0,8561.0,
15128.0,11772.0,19637.0,9113.0,18974.0,14753.0,9689.5,18959.0,16546.0,19888.0,14215.0,19861.0,19510.0,13683.0,10375.0,8621.0,18116.0,12550.0,19479.0,
9167.0,8762.0,12777.0,18066.0,16946.0,16420.0,15269.0,14789.0,13414.5,12040.0,11933.0,17188.0,19828.0,17131.0,12844.5,8558.0,9547.0,8557.0,9671.0,18671.0,16062.0,13453.0,12613.0,9753.0,19341.0,16503.0,16250.0,15174.0,8904.0,9460.0,11124.0,11188.0,11612.0,11600.0,
16907.0,18306.0,13516.0,18877.0,16594.0,16889.0,16422.0,14490.0,10527.0,13963.0,13392.0,11630.0,19097.0,15324.0,10028.5,15928.0,13830.0,18010.0,9946.0,16390.0,10816.0,13694.0,14380.5,15067.0,10661.0,18186.0,17041.0,10593.0,8564.0,14758.0,11222.0,15315.0,10560.0,11449.0,18588.0,13953.0,9318.0,12031.0,14451.5,16872.0,13414.0,9425.0,
10092.0,19040.0,9177.0,16097.0,17377.0,19124.0,9960.5,15793.0,9710.0,14235.5,18761.0,18005.0,19854.0,
19414.0,13543.0,13236.0,11642.0,9188.0,12637.0,11577.0,12975.0,12534.0,10137.0,13834.0,15343.0,16713.0,16292.5,15872.0,16268.0,18545.0,11475.0,15392.0,17107.0,16241.0,15556.0,9043.0,10813.0,16383.0,10019.0,12664.0,9839.0,11628.0,9643.0,10139.0,12193.0,14883.0,18705.0,15033.0,17661.0,12864.0,18196.0,9580.0,11862.0,10491.0,14145.0,12682.0,11952.0,14365.0,12745.0,18859.0,16399.0,17191.0,19470.0,9513.0,
15722.0,13946.0,18901.0,13394.0,15617.0,17231.0,18833.0,17297.0,16428.0,13414.0,10990.5,13543.0,12095.0,15075.0,9500.0,16398.0,9596.0,11150.0,12704.0,18596.0,12678.0,14655.0,14981.0,8629.0,9772.0,13476.0,17481.0,14864.0,12247.0,14314.0,13360.0,17659.0,11008.0,13464.0,11075.0,17259.0,18855.0,
13140.0,14912.0,12964.0,16967.0,14652.0,16110.0,18005.0,18549.0,12181.0,11082.0,16088.0,11015.0,9611.0,8647.0,12471.0,9177.0,17108.0,19446.0,15965.0,9983.0,18652.0,16076.0,19962.0,13628.0,11287.5,8947.0,19255.0,9284.0,12905.0,15480.0,14586.0,13517.0,10688.0,18526.0,13454.0,16841.0,14767.0,13412.0,11208.0,13925.0,15694.0,16684.0,
8527.0,16988.0,10490.0,18652.0,19710.0,16385.0,17433.0,19364.0,9832.0,17676.0,15403.0,17948.0,17960.0,16443.0,19935.0,16875.0,13005.0,15099.0,18630.0,10624.0,
17922.0,11524.0,19749.0,16018.0,19363.0,18767.0,12243.0,19155.0,16851.0,9855.0,9840.0,10846.0,12281.0,17421.0,15783.5,14146.0,10452.0,13172.0,18368.0,12529.0,15384.0,12454.0,10434.0,10804.5,11175.0,15362.0,11738.5,19170.0,15625.0,13300.0,19772.0,17218.0,8659.0,14142.0,
8984.0,10016.0,13406.0,11598.0,18415.0,18645.0,12924.0,14232.0,19986.0,13438.0,9737.0,10494.0,19227.0,18562.0,15203.5,11845.0,19951.0,12517.0,13382.0,10143.0,14590.0,18152.0,14316.0,15491.0,14324.5,13158.0,14136.0,15971.0,12367.0,14985.0,17290.0,
18925.0,12598.0,8964.0,19241.0,13751.0,15468.0,11109.0,16693.0,14026.0,17042.0,10122.0,18583.0,16046.0,13509.0,9849.0,18205.0,
8849.0,18119.0,19316.0,14847.0,16347.0,10690.0,17928.0,11681.5,19860.0,8697.0,13245.0,12085.0,15760.0,12069.5,10706.0,16752.0,9685.0,9312.0,11335.0,11627.0,17052.0,10008.0,17857.0,13514.0,17398.0,9051.0,15880.0,15274.0,10679.0,13136.0,10307.0,
13887.0,8694.0,17289.0,18616.0,14212.0,18911.0,15441.0,17922.0,18949.0,13115.0,10943.0,8563.0,15970.0,16296.0,16199.0,13164.0,15367.0,17357.0,19347.0,9751.0,15064.0,8675.0,12874.0,10036.5,16939.0,13783.0,17237.0,18640.0,18027.0,16486.0,15725.5,14965.0,16738.0,9889.0,8921.0,8959.0,18385.0,13980.0,9575.0,12759.0,17003.0,9575.0,18432.0,
12305.0,18321.0,19987.0,13301.0,10214.0,17801.0,9056.0,15672.0,12303.0,18654.0,15731.0,8780.5,16504.0,10336.0,12899.0,
12160.0,15495.0,11264.0,8689.0,19670.0,12884.0,13431.0,12722.0,15798.0,13561.0,11398.0,9235.0,11379.0,16611.0,
11950.0,13415.0,19954.0,17357.0,18824.0,11412.0,13983.0,12762.0,11104.5,15847.0,12919.0,10579.0,17303.0,10036.0,15737.0,9118.0,15216.0,16708.0,12296.0,15454.0,18672.0,
9825.0,17650.0,8738.0,8633.0,10632.0,18989.0,17387.0,9181.0,10401.0,13357.5,16314.0,18873.0,19428.0,9857.5,12847.0,13357.5,13868.0,14140.0,19410.0,15943.0,13178.0,18218.0,18704.0,12062.0,13435.0,14499.0,10603.0,17404.0,14195.0,12359.0,10336.0,18248.0,8697.0,9674.0,12990.0,9275.0,13151.0,12118.0,15865.0,14008.0,18904.0,9622.0,17276.0,10467.0,
15138.0,17024.0,16321.0,9288.0,9406.0,10709.0,10446.0,13535.0,11328.0,10706.5,10085.0,18738.0,11836.0,14135.0,8579.0,16406.0,14720.0,18999.0,13920.0,12874.0,18939.0,16023.0,16176.5,16330.0,9428.5,11470.0,16708.0,17598.0,18488.0,18580.0,12361.0,
18628.0,13815.0,15068.0,14742.0,11040.0,18471.0,19180.0,18378.0,15461.0,13812.0,16519.0,14022.0,12705.0,10394.5,15853.0,16288.0,10392.0,14476.0,12588.0,15435.0,10027.0,
13515.0,17165.0,16254.0,13293.0,10231.0,12226.0,9540.0,10242.0,10143.0,14844.0,14489.0,18163.0,15144.0,10507.0,13686.0,19046.0,10220.0,12397.0,14284.0,11641.0,17391.0,10208.5,13184.0,14228.0,19423.0,11381.0,19945.0,14340.5,8736.0,10773.0,10024.0,15938.0,11406.0,
13952.0,19361.0,11728.0,8468.0,15084.0,18030.0,13810.0,11632.0,11488.0,9303.0,17909.0,16144.0,10955.0,12563.0,19571.0,15820.0,12069.0,15715.0,18784.0,10085.0,16469.0,13871.0,10025.0,17572.0,11763.0,9220.0,18534.0,11956.0,19715.0,11690.0,12970.0,9036.0,
13843.0,14338.0,8559.0,16583.0,14213.0,8533.0,16035.0,14423.0,14599.0,19387.0,15583.0,9037.0,12368.0,9353.0,19140.0,14411.0,16033.0,18416.0,14274.0,16343.0,13229.0,15959.0,16924.0,19875.0,18020.0,19922.0,10396.0,8567.0,16316.0,9482.0,12441.0,18504.0,
13387.0,15906.0,18459.0,18248.0,9548.0,16012.0,19863.0,18082.0,14127.0,16084.0,11796.0,9007.0,15402.0,18797.0,18966.0,19135.0,8856.0,15494.0,11768.0,17136.0,15354.5,13573.0,11923.0,16665.0,9596.0,19667.0,
18325.0,19701.0,9845.0,17051.0,13973.0,15488.0,15152.0,13727.0,17573.0,19744.0,15871.0,11631.0,17077.0,11715.0,12798.0,17184.0,11244.0,16561.0,11443.0,11865.0,11902.0,14515.0,15581.0,17911.0,15437.0,13140.0,8913.5,19561.0,12773.0,14640.0,19074.0,16851.0,9402.0,8759.0,16317.0,16724.0,17388.0,19512.0,9986.0,17529.0,18815.0,17064.5,15314.0,18651.0,11904.0,19902.0,11891.0,19142.0,
12580.0,13514.0,10831.0,13442.0,13533.0,18143.0,19378.0,16181.0,11380.0,10328.0,8678.0,14356.0,15735.0,19184.0,19031.0,9199.0,15824.0,15509.0,8530.0,17982.0,10560.0,9314.0,11769.0,9014.0,9992.0,10764.0,12662.0,14804.0,13458.5,12113.0,17272.0,18756.0,19026.0,17196.0,9431.0,18360.0,14108.0,11466.0,17812.0,19748.0,15202.0,19682.0,11603.0,17281.0,17647.0,
11772.0,14292.0,11662.0,10852.0,11667.0,11491.0,19259.0,11209.0,16494.0,10088.0,18047.0,18484.0,15915.0,14226.0,10714.5,13168.0,10379.0,17826.0,12548.0,12804.0,13060.0,9995.5,11576.0,10846.0,8553.0,10527.0,16599.0,17280.0,12739.0,8806.0,13796.0,9170.0,15117.0,
17110.0,10016.0,11229.0,11002.0,17691.0,9895.0,19380.0,10141.0,11105.0,16424.0,16455.0,12751.0,13291.0,10556.0,15187.0,14676.0,11916.5,9157.0,19179.0,9997.0,13742.0,
19612.0,18752.0,17998.0,16732.0,15355.0,17332.0,12371.0,17560.0,14963.0,15825.0,18198.0,13312.0,13661.0,9328.0,17220.0,9798.0,17035.0,9723.5,17885.0,13517.0,12661.0,15772.0,13907.0,12461.0,12372.0,10974.0,9743.0,8512.0,13163.0,10277.0,9076.0,12983.0,13707.0,
18655.0,18044.0,12003.0,16465.0,18505.0,15706.0,8769.0,15443.0,19664.0,15837.0,18188.0,18496.0,
8889.0,12772.0,15830.0,16289.0,17812.0,12540.0,18967.0,14432.5,9898.0,16526.0,12709.0,15869.0,10670.0,18036.0,8473.0,14675.0,12002.0,10393.0,10229.0,8611.0,13843.0,18052.0,17293.0,18450.0,17547.0,19160.0,8809.0,14250.0,17305.0,14235.0,9684.0,13546.0,10079.0,14361.0,14630.0,19074.0,
14607.0,17764.0,15086.0,11022.0,13088.0,17390.0,18683.0,15255.0,16431.0,18118.0,10002.0,9289.0,18585.0,9490.0,18774.0,11777.0,19343.0,8638.0,16807.0,16610.0,14910.0,8731.0,18518.0,19652.0,10378.0,14956.0,12009.0,8843.0,13994.0,18247.0,12807.0,17879.0,15537.0,
19126.0,17919.0,14462.0,8746.0,16837.0,16799.0,19654.0,13793.0,18928.0,14895.0,13407.0,10339.0,12264.0,9497.0,13732.0,10688.0,10505.0,12596.0,14134.0,8890.0,15440.0,15982.0,14950.0,10419.0,18547.0,12916.0,18475.0,9508.5,12487.0,15431.0,15900.0,9646.0,8961.0,9581.0,8641.0,13676.0,17004.0,13029.0,15802.0,
13859.0,9933.0,16242.0,9627.0,13942.0,9245.0,8804.0,16083.0,13907.0,11008.0,16937.0,17476.0,18775.0,15207.0,16069.0,19185.0,19952.0,16550.0,9024.0,
18632.0,19024.0,10758.0,17080.0,11339.0,14702.0,18174.0,9235.0,17188.0,18577.0,11258.0,18532.0,16312.5,14093.0,15062.0,15457.0,19775.0,9275.0,9251.0,9227.0,16066.0,14718.0,8848.0,15011.0,12930.0,16363.0,
8908.0,18969.0,9272.0,19805.0,10897.0,13806.0,17403.0,17691.0,19517.0,17795.0,13698.0,18138.0,19821.0,
11779.0,15989.0,19951.0,10278.0,12348.0,8625.0,16301.0,18648.0,17833.0,13660.0,10343.0,8797.0,17977.0,9186.0,17026.0,18074.0,10117.0,12479.0,17207.0,10818.0,9471.0,15915.0,13013.0,10616.0,15937.0,17465.0,17379.0,17293.0,11159.0,12271.5,13384.0,11642.0,17489.0,15991.0,9505.0,13744.0,19140.0,17128.0,16794.0,15319.0,
10240.0,14542.0,18579.0,16727.0,17729.0,17960.0,16002.0,12772.0,10675.0,13602.0,19875.0,8491.0,9288.0,14517.0,
17402.0,14860.0,13892.0,11786.0,11621.0,10098.0,15281.0,11110.0,11518.0,19219.0,8821.0,12215.0,15037.0,15255.0,11294.0,14750.0,14653.0,17284.0,10676.0,18735.0,12132.0,17051.0,8996.0,
16875.0,14902.0,9512.0,14340.0,13137.0,11035.0,16503.0,15284.0,16636.0,11982.5,9857.0,
10502.0,19208.0,15150.0,19542.0,16408.0,9543.0,17761.0,14727.0,12592.0,11586.0,15590.5,19595.0,14654.0,19637.0,12634.0,16958.0,17531.0,14477.0,15553.0,14927.0,10624.0,19904.0,19288.0,19745.0,19039.0,19119.0,11565.0,13724.0,11912.5,16607.0,8587.0,10365.0,17765.0,8736.0,8567.0,19380.0,19020.0,
16004.0,9499.0,13827.0,12058.0,13796.0,15274.0,10632.0,16779.0,14490.0,19341.0,16520.0,15522.0,12520.0,9518.0,10508.0,13290.0,12452.0,16357.0,9484.0,8995.0,14789.0,10507.0,13164.0,8683.0,10856.0,19670.0,9050.5,15683.0,13011.0,19849.0,11214.0,8572.0,15856.0,19953.0,13386.0,16538.0,11220.0,13130.0,13566.0,14990.0,19322.0,8828.0,
10633.0,11261.0,17984.0,15378.0,19732.0,17398.0,14105.0,12796.0,10004.0,11063.5,12123.0,15061.0,19806.0,13802.0,10385.0,10086.5,9788.0,15738.0,9920.0,12249.0,12205.0,9250.5,8823.0,9342.0,9176.0,9711.0,19374.0,12170.0,18321.0,8594.0,15326.0,13827.0,15426.0,17025.0,13861.0,14229.0,15953.0,15417.0,
16689.0,11611.0,11109.0,11725.0,16588.0,16285.0,14137.0,14779.0,14409.0,16269.0,11537.0,10486.0,16742.0,12305.0,9114.0,9833.0,16188.0,9085.0,19776.0,18492.0,17208.0,13333.0,14184.0,18431.0,18284.0,14528.0,10845.0,19946.0,19035.0,10873.0,10018.0,14230.0,11321.0,13107.0,15231.0,18630.0,
14808.0,15580.0,13547.0,10798.0,9609.0,12655.0,19545.0,12745.0,17474.0,13028.0,15406.0,14048.0,19489.0,11611.0,9790.0,16020.0,15756.0,9920.0,14928.0,18250.0,8745.0,14235.0,15256.0,12742.0,15306.0,9772.0,17597.0,13729.0,9861.0,12958.0,17754.0,19967.0,18092.0,19103.0,19056.0,16376.0,13726.0,8631.0,9332.0,16653.0,16471.0,16289.0,19686.0,13963.0,
11926.0,19003.0,8862.0,18924.0,11310.0,18834.0,12566.0,12141.0,14572.0,18613.0,12844.5,11570.0,11870.0,19373.0,15065.0,19617.0,19763.0,11095.0,9986.0,8877.0,18349.0,13525.0,15971.0,16061.0,11352.0,19152.0,17873.0,10188.0,19803.0,17809.0,18223.0,12152.0,17853.0,
13853.0,12015.0,18933.0,13825.0,12581.0,12361.0,18737.0,18459.0,9526.0,10749.0,12794.0,12346.0,11804.0,9010.0,11853.0,18433.0,14876.0,11657.0,16225.0,13438.0,13358.0,11025.0,16340.0,19543.0,10864.0,19535.0,
15271.0,10490.0,18125.0,12030.0,12489.0,16063.0,15455.0,16484.0,18912.0,17143.0,17108.0,16923.0,8971.0,9958.0,13962.0,15904.0,15722.0,13736.0,11958.0,17267.0,14282.0,11150.0,16539.0,15354.0,
10970.0,12344.0,16394.0,13687.0,13358.0,17698.0,12972.0,16177.0,12702.0,18325.0,9058.0,9875.0,16407.0,19278.0,12359.5,9364.0,10234.0,17613.0,16520.0,17808.0,14568.0,11795.0,8760.0,13952.0,19144.0,13178.0,11293.0,
16197.0,9477.0,12887.0,13893.0,13977.0,14394.0,19029.0,15567.0,14533.0,10917.0,14689.0,10683.0,15332.0,17492.0,14154.0,16794.0,17290.0,17786.0,14089.0,13403.0,12717.0,17710.0,13626.0,19638.0,12570.0,12820.0,9622.0,18153.0,14423.0,15352.0,11561.0,17238.0,8667.0,18435.0,14205.0,12313.0,19814.0,17121.0,18235.0,18330.0,16963.0,12731.0,14437.0,14715.0,
15487.0,13109.0,10139.0,10796.0,17931.0,18811.0,16461.0,13951.0,18124.0,17273.0,14793.0,14201.0,10067.0,18861.0,19046.0,11028.5,9696.0,13801.0,17585.0,19989.0,15224.0,16087.0,12026.0,17260.0,10171.0,13193.0,16253.0,12007.0,11271.0,15839.0,12010.0,
18114.0,9830.0,16501.0,18664.0,10386.0,15311.0,10087.0,8999.0,11040.0,11809.0,16099.0,12766.0,12424.0,8625.0,
11237.0,13133.0,19132.0,13377.0,11436.0,17882.0,16206.0,17707.0,18975.0,8481.0,8538.0,10408.0,17015.0,
13795.0,10247.0,18300.0,13241.0,13221.0,14529.0,18231.0,13141.0,12077.0,18132.0,12230.0,12513.0,9296.0,15507.0,19676.0,8780.0,13678.0,10553.0,18423.0,17425.0,12718.0,17206.0,14814.0,13111.0,9972.5,18104.0,16111.0,15508.0,13385.0,16306.0,14451.0,12596.0,12162.0,11112.0,11087.0,12819.0,12706.0,12593.0,14519.0,14257.0,13995.0,12905.0,18895.0,8710.0,18246.0,11341.0,9400.0,
19397.0,12451.0,10763.0,9077.0,11574.0,12899.0,17218.0,15713.0,16073.0,16433.0,11390.0,15357.5,19325.0,17939.0,14548.0,9908.0,18460.0,
19885.0,8798.0,10368.0,13763.0,11520.0,19918.0,12073.0,9106.0,18158.0,15257.5,12357.0,9398.0,16829.0,12495.0,17855.0,9734.0,15440.0,
9859.0,15466.0,10875.0,10755.0,12995.0,13968.0,17635.0,13160.0,9467.0,
16218.0,9277.0,14406.0,11426.0,17474.0,19943.0,12618.0,10719.0,14281.5,17844.0,10341.0,19691.0,9013.0,18737.0,9530.0,18443.0,19278.0,9569.0,14385.0,8819.0,14710.0,17593.0,
18239.0,17849.0,18476.0,9073.0,14213.0,15954.0,9300.0,19482.0,12288.0,10787.0,12995.0,11120.0,17042.0,16204.0,12696.0,11971.0,8632.0,13631.0,11112.0,17101.0,10792.0,18303.0,19169.0,15730.0,11410.0,17297.0,17113.0,12430.0,14158.0,10246.0,17078.0,14173.0,19381.0,
12547.0,8888.0,15123.0,10051.0,9287.0,12379.0,13931.0,9356.0,18289.0,19810.0,18746.0,11955.0,13196.0,14536.5,15877.0,8498.0,11473.0,11210.0,8585.0,16390.0,8602.0,9137.0,15202.0,8670.0,15754.0,17515.0,9339.0,18491.0,14739.0,13826.0,16176.0,10347.0,12897.0,18390.0,13675.0,11953.0,10593.0,16496.0,12784.0,17727.0,12806.0,15362.0,19669.0,15376.0,
12772.0,10602.0,11519.0,15439.0,9913.0,13502.0,14855.0,9655.0,17562.0,8639.0,14393.0,11849.5,9306.0,10631.0,14177.0,11657.0,10806.0,9508.0,12613.0,10827.5,15631.0,15039.0,13766.0,15031.0,16296.0,13571.0,19348.0,18702.0,15923.0,13336.0,14457.0,14716.0,15141.0,8695.0,
10236.0,18988.0,13974.0,16528.0,13688.0,15171.0,13801.0,19216.0,17793.0,8786.0,16663.0,13706.0,11371.0,10223.5,19172.0,17224.0,10921.0,17001.0,19701.0,12557.0,17591.0,14098.0,19881.0,16900.0,9764.0,19962.0,8651.0,16863.0,16882.0,16901.0,11329.0,13223.0,10090.0,13267.0,12025.0,8546.0,14009.0,10163.0,16579.0,13616.0,10969.0,18385.0,9408.0,18620.0,
10262.0,18499.0,9408.0,11447.0,18203.0,18575.0,11228.0,8534.0,17821.0,13856.0,11625.0,13030.0,9800.0,13553.0,17306.0,13961.0,11381.0,18917.0,17806.0,11212.0,14318.0,9998.0,19984.0,15000.0,14908.0,16291.0,19933.0,15867.0,17164.0,18461.0,11902.0,8588.0,9817.0,15112.0,14277.0,11629.0,19390.0,8765.0,9551.0,17526.0,14529.0,14144.0,8748.0,
19810.0,19456.0,13852.0,12718.0,18671.0,10924.0,8724.0,10417.0,13660.0,15738.0,17816.0,12823.0,17631.0,
12824.0,11842.0,16223.0,15130.0,11890.0,15145.0,17948.0,8625.0,14913.0,12664.0,11325.0,16965.0,9853.0,19403.0,13855.0,10159.0,16640.0,16974.0,10077.0,14934.0,11704.0,12896.0,9991.0,9205.0,12869.0,16533.0,17864.0,15357.0,11508.0,11333.0,9488.0,19851.0,14878.0,9417.0,11501.0,18667.0,18110.0,
11783.0,8914.0,14354.0,13197.0,16362.0,8903.0,9153.0,16862.0,16089.0,14919.0,15636.0,11585.0,18791.0,16926.0,9604.0,9775.0,15034.0,9605.0,9283.0,13817.0,13011.0,12205.0,16511.0,13849.0,18986.0,
